

jointControlData.eeCmd = zeros(1,12);

jointControlData.eeRefTraj(1,:) = [-0.6447    0.2500    0.3410  0.0*dtr 70.0*dtr 180.0*dtr 0.0 0.0 0.0 0.0 0.0 0.0];
jointControlData.eeRefTraj(2,:) = [-0.6447    0.2500    0.3410  0.0*dtr 70.0*dtr 180.0*dtr 0.0 0.0 0.0 0.0 0.0 0.0];
jointControlData.eeRefTraj(3,:) = [-0.6447    0.2500    0.3410  0.0*dtr 70.0*dtr 180.0*dtr 0.0 0.0 0.0 0.0 0.0 0.0];
jointControlData.eeRefTraj(4,:) = [-0.6447    0.2500    0.3410  0.0*dtr 70.0*dtr 180.0*dtr 0.0 0.0 0.0 0.0 0.0 0.0];
jointControlData.eeRefTraj(5,:) = [-0.6447    0.2500    0.3410  0.0*dtr 70.0*dtr 180.0*dtr 0.0 0.0 0.0 0.0 0.0 0.0];




